%YAML 1.2
---
lidar:
  upper2ego:
  - [0.9963896745022904, -0.08489768280241602, 0.0, -0.0]
  - [0.08489768280241602, 0.9963896745022904, 0.0, -0.0]
  - [0.0, 0.0, 1.0, 0.33529]
  - [0.0, 0.0, 0.0, 1.0]
  lower2upper:
  - [0.9967586199688887, 0.08033737338163417, 2.5936148844926675e-19, 3.816391647148976e-18]
  - [-0.0803373733816342, 0.9967586199688887, -2.2128735747018595e-21, 1.3877787807814458e-18]
  - [-1.260215618924948e-18, -6.18781390770908e-19, 1.0, -0.4720000013709068]
  - [0.0, 0.0, 0.0, 1.0]
sensor_6:
  D: [-0.340676, 0.165511, -0.00035978, 0.000181532, -0.0493721]
  distorted_img_K: 
  - [480.459, 0.0, 362.503]
  - [0.0, 482.924, 197.949]
  - [0.0, 0.0, 1.0]
  undistorted_img_K:
  - [480.45899999999995, 0.0, 362.503]
  - [0.0, 470.7824148843348, 205.01513181027002]
  - [0.0, 0.0, 1.0]
  upper2cam:
  - [0.6850494502699744, 0.7284128994394634, 0.0110391, 0.002849160016449541]
  - [0.010883446064089926, 0.004918412955664609, -0.999929, -0.22720690149001033]
  - [-0.7284156898608445, 0.6851209500150685, -0.00455829, -0.05222802900679238]
  - [0.0, 0.0, 0.0, 1.0]
  cam2ego:
  - [0.6207355368706513, 0.010426574517997703, -0.7839502458461658, -0.040343761362987805]
  - [0.7839423244300953, 0.005824616624007453, 0.6208061877127423, 0.031513299548996496]
  - [0.011039117684739473, -0.9999283550135921, -0.0045582829482744575, 0.10782985439859077]
  - [0.0, 0.0, 0.0, 1.0]
sensor_8:
  D: [-0.331228, 0.144696, 0.000117553, 0.000566449, -0.0343506]
  distorted_img_K:
  - [476.708, 0.0, 354.16]
  - [0.0, 479.424, 209.383]
  - [0.0, 0.0, 1.0]
  undistorted_img_K:
  - [367.5558179551012, 0.0, 342.70716266329146]
  - [0.0, 434.93863673049015, 203.5266929004061]
  - [0.0, 0.0, 1.0]
  upper2cam:
  - [0.9322027161222272, -0.36192463286068544, 0.00296577, 0.00390145090530321]
  - [0.008779389009677827, 0.014419627667410425, -0.999857, -0.2993566917878836]
  - [0.36183098847726314, 0.9320959653402469, 0.0166195, -0.04241558497028202]
  - [0.0, 0.0, 0.0, 1.0]
  cam2ego:
  - [0.9595634123370338, 0.0075234988769900465, 0.28139105479971327, 0.010443886385461962]
  - [-0.28147668168690887, 0.015112926302267668, 0.9594488553839182, 0.04631790752584648]
  - [0.002965765054404676, -0.9998579762354918, 0.016619493852672158, 0.03666917874332948]
  - [0.0, 0.0, 0.0, 1.0]
sensor_0:
  D: [-0.336591, 0.159742, 0.00012697, -7.22557e-05, -0.0461953]
  distorted_img_K:
  - [476.71, 0.0, 350.738]
  - [0.0, 479.505, 209.532]
  - [0.0, 0.0, 1.0]
  undistorted_img_K:
  - [427.4410725671866, 0.0, 392.1058744564048]
  - [0.0, 464.72761124882027, 217.83646688147763]
  - [0.0, 0.0, 1.0]
  upper2cam:
  - [-0.0844608965010023, -0.996426583813796, -0.000654539, -0.00017405895]
  - [5.070701467027483e-05, 0.0006525874863783135, -1.0, -0.25370974]
  - [0.9964265838137961, -0.0844608965010023, -4.59231e-06, -0.0569188480775]
  - [0.0, 0.0, 0.0, 1.0]
  cam2ego:
  - [0.00043833986619291887, -4.87922106083887e-06, 1.0000001139210632, 0.056917692952825796]
  - [-0.9999996855239116, 0.0006545367811421147, 0.0004383460656661037, 1.6953614418399945e-05]
  - [-0.0006545382741045186, -0.9999995715580833, -4.592306702926395e-06, 0.08157999338283495]
  - [0.0, 0.0, 0.0, 1.0]
sensor_2:
  D: [-0.338469, 0.156256, -0.000385467, 0.000295485, -0.0401965]
  distorted_img_K:
  - [483.911, 0.0, 355.144]
  - [0.0, 486.466, 223.026]
  - [0.0, 0.0, 1.0]
  undistorted_img_K:
  - [375.66283550069824, 0.0, 343.8697927850865]
  - [0.0, 443.5190524726481, 219.61867515506933]
  - [0.0, 0.0, 1.0]
  upper2cam:
  - [-0.9691598699004094, -0.24605524542187956, -0.0136361, -0.004484721032510995]
  - [0.012259212626358098, 0.0071266258274264825, -0.999899, -0.316518472383945]
  - [0.24612858877568083, -0.9692293375364223, -0.00389039, -0.04893712090927541]
  - [0.0, 0.0, 0.0, 1.0]
  cam2ego:
  - [-0.9447710786107903, 0.011609967680341768, 0.32752444650498935, 0.015465837946813008]
  - [-0.32744722688277406, 0.00814170104533882, -0.944834734573409, -0.045129002333063224]
  - [-0.01363606175032257, -0.9998999120234396, -0.0038903981454879257, 0.01855166849213663]
  - [0.0, 0.0, 0.0, 1.0]
sensor_4:
  D: [-0.34064, 0.168338, 0.000147292, 0.000229372, -0.0516133]
  distorted_img_K:
  - [485.046, 0.0, 368.864]
  - [0.0, 488.185, 208.215]
  - [0.0, 0.0, 1.0]
  undistorted_img_K:
  - [485.04599999999994, 0.0, 368.864]
  - [0.0, 474.04545530579156, 216.0578804859249]
  - [0.0, 0.0, 1.0]
  upper2cam:
  - [-0.48883604452613255, 0.8723736660525951, -0.00160497, -0.0006869503980867268]
  - [-0.00471123630914644, -0.004479687080404639, -0.999979, -0.22512511880793212]
  - [-0.872363054675289, -0.48881862618316707, 0.00629979, -0.054671346207509935]
  - [0.0, 0.0, 0.0, 1.0]
  cam2ego:
  - [-0.5611342984676997, -0.004313908125240364, -0.8277135028598473, -0.04660885198441521]
  - [0.8277237797511303, -0.004863480581920358, -0.5611149917760698, -0.031203198441432604]
  - [-0.0016049734715252381, -0.99997873625817, 0.006299791107120242, 0.11051298371796081]
  - [0.0, 0.0, 0.0, 1.0]
