{
 "cells": [
  {
   "cell_type": "markdown",
   "id": "e8854b87",
   "metadata": {},
   "source": [
    "## 3D point cloud to 2D individual images"
   ]
  },
  {
   "cell_type": "code",
   "execution_count": 1,
   "id": "220662f4",
   "metadata": {},
   "outputs": [
    {
     "name": "stdout",
     "output_type": "stream",
     "text": [
      "[Warning] Since Open3D 0.15, installing Open3D via conda is deprecated. Please re-install Open3D via: `pip install open3d -U`.\n",
      "Jupyter environment detected. Enabling Open3D WebVisualizer.\n",
      "[Open3D INFO] WebRTC GUI backend enabled.\n",
      "[Open3D INFO] WebRTCWindowSystem: HTTP handshake server disabled.\n"
     ]
    }
   ],
   "source": [
    "import numpy as np\n",
    "import cv2\n",
    "import json\n",
    "import os\n",
    "import yaml\n",
    "import torch\n",
    "import pdb\n",
    "import open3d as o3d\n",
    "import matplotlib.pyplot as plt\n",
    "%matplotlib inline\n",
    "\n",
    "calib_folder = './calibration'\n",
    "global_config = os.path.join(calib_folder, 'defaults.yaml')\n",
    "camera_config = os.path.join(calib_folder, 'cameras.yaml')\n",
    "with open(global_config) as f:\n",
    "    global_config_dict = yaml.safe_load(f)\n",
    "\n",
    "with open(camera_config) as f:\n",
    "    camera_config_dict = yaml.safe_load(f)\n",
    "    \n",
    "def cart2hom(pts_3d: np.array) -> np.array:\n",
    "    n = pts_3d.shape[0]\n",
    "    pts_3d_hom = np.hstack((pts_3d, np.ones((n,1))))\n",
    "    return pts_3d_hom"
   ]
  },
  {
   "cell_type": "code",
   "execution_count": 3,
   "id": "f03f5c94",
   "metadata": {},
   "outputs": [],
   "source": [
    "\n",
    "TRAIN =['bytes-cafe-2019-02-07_0',\n",
    "    'clark-center-2019-02-28_0',\n",
    "    'clark-center-2019-02-28_1',\n",
    "    'clark-center-intersection-2019-02-28_0',\n",
    "    'cubberly-auditorium-2019-04-22_0',\n",
    "    'forbes-cafe-2019-01-22_0',\n",
    "    'gates-159-group-meeting-2019-04-03_0',\n",
    "    'gates-ai-lab-2019-02-08_0',\n",
    "    'gates-basement-elevators-2019-01-17_1',\n",
    "    'gates-to-clark-2019-02-28_1',\n",
    "    'hewlett-packard-intersection-2019-01-24_0',\n",
    "    'huang-2-2019-01-25_0',\n",
    "    'huang-basement-2019-01-25_0',\n",
    "    'huang-lane-2019-02-12_0',\n",
    "    'jordan-hall-2019-04-22_0',\n",
    "    'memorial-court-2019-03-16_0',\n",
    "    'meyer-green-2019-03-16_0',\n",
    "    'nvidia-aud-2019-04-18_0',\n",
    "    'packard-poster-session-2019-03-20_0',\n",
    "    'packard-poster-session-2019-03-20_1',\n",
    "    'packard-poster-session-2019-03-20_2',\n",
    "    'stlc-111-2019-04-19_0',\n",
    "    'svl-meeting-gates-2-2019-04-08_0',\n",
    "    'svl-meeting-gates-2-2019-04-08_1',\n",
    "    'tressider-2019-03-16_0',\n",
    "    'tressider-2019-03-16_1',\n",
    "    'tressider-2019-04-26_2']\n"
   ]
  },
  {
   "cell_type": "code",
   "execution_count": 5,
   "id": "c3ba5d3e",
   "metadata": {},
   "outputs": [],
   "source": [
    "sensor = \"sensor_0\"\n",
    "lidar = \"upper\"\n",
    "translation = {\n",
    "    \"sensor_8\": {\"upper2indi\":{\"T\": torch.tensor([0,0,-0.17]), \"theta\": 0.417*np.pi},\n",
    "                 \"lower2indi\":{\"T\": torch.tensor([0,0,0.27]), \"theta\": 0.3945*np.pi}},\n",
    "    \n",
    "    \"sensor_6\": {\"upper2indi\":{\"T\": torch.tensor([0,0,-0.10]), \"theta\": 0.840*np.pi},\n",
    "                 \"lower2indi\":{\"T\": torch.tensor([0,0,0.3]), \"theta\": 0.815*np.pi}},\n",
    "    \n",
    "    \"sensor_4\": {\"upper2indi\":{\"T\": torch.tensor([0,0,-0.15]), \"theta\": 1.235*np.pi},\n",
    "                 \"lower2indi\":{\"T\": torch.tensor([0,0,0.32]), \"theta\": 1.207*np.pi}},\n",
    "    \n",
    "    \"sensor_2\": {\"upper2indi\":{\"T\": torch.tensor([0,0,-0.31]), \"theta\": 1.622*np.pi},\n",
    "                 \"lower2indi\":{\"T\": torch.tensor([0,0,0.18]), \"theta\": 1.598*np.pi}},\n",
    "    \n",
    "    \"sensor_0\": {\"upper2indi\":{\"T\": torch.tensor([0,0,-0.25]), \"theta\": 0.028*np.pi},\n",
    "                 \"lower2indi\":{\"T\": torch.tensor([0,0,0.18]), \"theta\": 0.005*np.pi}},\n",
    "}"
   ]
  },
  {
   "cell_type": "code",
   "execution_count": 7,
   "id": "29bb81b6",
   "metadata": {},
   "outputs": [
    {
     "name": "stdout",
     "output_type": "stream",
     "text": [
      "sensor_8 lidar: upper\n",
      "new R\n",
      "[[ 0.93220272 -0.36192463  0.00296577]\n",
      " [ 0.00877939  0.01441963 -0.999857  ]\n",
      " [ 0.36183099  0.93209597  0.0166195 ]]\n",
      "new T\n",
      "[ 0.00390145 -0.29935669 -0.04241558]\n",
      "sensor_8 lidar: lower\n",
      "new R\n",
      "[[ 0.95543646 -0.29518217  0.00296577]\n",
      " [ 0.00773905  0.01500368 -0.999857  ]\n",
      " [ 0.29509629  0.95532336  0.0166195 ]]\n",
      "new T\n",
      "[ 0.00259651  0.1405804  -0.04972817]\n",
      "sensor_6 lidar: upper\n",
      "new R\n",
      "[[ 0.68504945  0.7284129   0.0110391 ]\n",
      " [ 0.01088345  0.00491841 -0.999929  ]\n",
      " [-0.72841569  0.68512095 -0.00455829]]\n",
      "new T\n",
      "[ 0.00284916 -0.2272069  -0.05222803]\n",
      "sensor_6 lidar: lower\n",
      "new R\n",
      "[[ 0.62578705  0.77991581  0.0110391 ]\n",
      " [ 0.010464    0.00575716 -0.999929  ]\n",
      " [-0.7799242   0.62585811 -0.00455829]]\n",
      "new T\n",
      "[-0.00156648  0.17276471 -0.05040471]\n",
      "sensor_4 lidar: upper\n",
      "new R\n",
      "[[-0.49430764  0.86928502 -0.00160497]\n",
      " [-0.004683   -0.0045092  -0.999979  ]\n",
      " [-0.86927452 -0.49429016  0.00629979]]\n",
      "new T\n",
      "[-0.0005746  -0.1551266  -0.05511233]\n",
      "sensor_4 lidar: lower\n",
      "new R\n",
      "[[-0.56876419  0.82249851 -0.00160497]\n",
      " [-0.00426875 -0.00490317 -0.999979  ]\n",
      " [-0.82248958 -0.56874585  0.00629979]]\n",
      "new T\n",
      "[ 1.79733389e-04  3.14863533e-01 -5.80732328e-02]\n",
      "sensor_2 lidar: upper\n",
      "new R\n",
      "[[-0.96915987 -0.24605525 -0.0136361 ]\n",
      " [ 0.01225921  0.00712663 -0.999899  ]\n",
      " [ 0.24612859 -0.96922934 -0.00389039]]\n",
      "new T\n",
      "[-0.00448472 -0.31651847 -0.04893712]\n",
      "sensor_2 lidar: lower\n",
      "new R\n",
      "[[-0.94787183 -0.31835989 -0.0136361 ]\n",
      " [ 0.01168756  0.00802983 -0.999899  ]\n",
      " [ 0.31843826 -0.94793558 -0.00389039]]\n",
      "new T\n",
      "[ 0.00219697  0.17343205 -0.04703083]\n",
      "sensor_0 lidar: upper\n",
      "new R\n",
      "[[-8.44608965e-02 -9.96426584e-01 -6.54539000e-04]\n",
      " [ 5.07070147e-05  6.52587486e-04 -1.00000000e+00]\n",
      " [ 9.96426584e-01 -8.44608965e-02 -4.59231000e-06]]\n",
      "new T\n",
      "[-1.74058950e-04 -2.53709740e-01 -5.69188481e-02]\n",
      "sensor_0 lidar: lower\n",
      "new R\n",
      "[[-1.23047129e-02 -9.99924084e-01 -6.54539000e-04]\n",
      " [ 3.46194894e-06  6.54545372e-04 -1.00000000e+00]\n",
      " [ 9.99924084e-01 -1.23047129e-02 -4.59231000e-06]]\n",
      "new T\n",
      "[ 1.07392825e-04  1.76290267e-01 -5.69168734e-02]\n",
      "sensor_8 lidar: upper\n",
      "new R\n",
      "[[ 0.93220272 -0.36192463  0.00296577]\n",
      " [ 0.00877939  0.01441963 -0.999857  ]\n",
      " [ 0.36183099  0.93209597  0.0166195 ]]\n",
      "new T\n",
      "[ 0.00390145 -0.29935669 -0.04241558]\n",
      "sensor_8 lidar: lower\n",
      "new R\n",
      "[[ 0.95543646 -0.29518217  0.00296577]\n",
      " [ 0.00773905  0.01500368 -0.999857  ]\n",
      " [ 0.29509629  0.95532336  0.0166195 ]]\n",
      "new T\n",
      "[ 0.00259651  0.1405804  -0.04972817]\n",
      "sensor_6 lidar: upper\n",
      "new R\n",
      "[[ 0.68504945  0.7284129   0.0110391 ]\n",
      " [ 0.01088345  0.00491841 -0.999929  ]\n",
      " [-0.72841569  0.68512095 -0.00455829]]\n",
      "new T\n",
      "[ 0.00284916 -0.2272069  -0.05222803]\n",
      "sensor_6 lidar: lower\n",
      "new R\n",
      "[[ 0.62578705  0.77991581  0.0110391 ]\n",
      " [ 0.010464    0.00575716 -0.999929  ]\n",
      " [-0.7799242   0.62585811 -0.00455829]]\n",
      "new T\n",
      "[-0.00156648  0.17276471 -0.05040471]\n",
      "sensor_4 lidar: upper\n",
      "new R\n",
      "[[-0.49430764  0.86928502 -0.00160497]\n",
      " [-0.004683   -0.0045092  -0.999979  ]\n",
      " [-0.86927452 -0.49429016  0.00629979]]\n",
      "new T\n",
      "[-0.0005746  -0.1551266  -0.05511233]\n",
      "sensor_4 lidar: lower\n",
      "new R\n",
      "[[-0.56876419  0.82249851 -0.00160497]\n",
      " [-0.00426875 -0.00490317 -0.999979  ]\n",
      " [-0.82248958 -0.56874585  0.00629979]]\n",
      "new T\n",
      "[ 1.79733389e-04  3.14863533e-01 -5.80732328e-02]\n",
      "sensor_2 lidar: upper\n",
      "new R\n",
      "[[-0.96915987 -0.24605525 -0.0136361 ]\n",
      " [ 0.01225921  0.00712663 -0.999899  ]\n",
      " [ 0.24612859 -0.96922934 -0.00389039]]\n",
      "new T\n",
      "[-0.00448472 -0.31651847 -0.04893712]\n",
      "sensor_2 lidar: lower\n",
      "new R\n",
      "[[-0.94787183 -0.31835989 -0.0136361 ]\n",
      " [ 0.01168756  0.00802983 -0.999899  ]\n",
      " [ 0.31843826 -0.94793558 -0.00389039]]\n",
      "new T\n",
      "[ 0.00219697  0.17343205 -0.04703083]\n",
      "sensor_0 lidar: upper\n",
      "new R\n",
      "[[-8.44608965e-02 -9.96426584e-01 -6.54539000e-04]\n",
      " [ 5.07070147e-05  6.52587486e-04 -1.00000000e+00]\n",
      " [ 9.96426584e-01 -8.44608965e-02 -4.59231000e-06]]\n",
      "new T\n",
      "[-1.74058950e-04 -2.53709740e-01 -5.69188481e-02]\n",
      "sensor_0 lidar: lower\n",
      "new R\n",
      "[[-1.23047129e-02 -9.99924084e-01 -6.54539000e-04]\n",
      " [ 3.46194894e-06  6.54545372e-04 -1.00000000e+00]\n",
      " [ 9.99924084e-01 -1.23047129e-02 -4.59231000e-06]]\n",
      "new T\n",
      "[ 1.07392825e-04  1.76290267e-01 -5.69168734e-02]\n",
      "sensor_8 lidar: upper\n",
      "new R\n",
      "[[ 0.93220272 -0.36192463  0.00296577]\n",
      " [ 0.00877939  0.01441963 -0.999857  ]\n",
      " [ 0.36183099  0.93209597  0.0166195 ]]\n",
      "new T\n",
      "[ 0.00390145 -0.29935669 -0.04241558]\n",
      "sensor_8 lidar: lower\n",
      "new R\n",
      "[[ 0.95543646 -0.29518217  0.00296577]\n",
      " [ 0.00773905  0.01500368 -0.999857  ]\n",
      " [ 0.29509629  0.95532336  0.0166195 ]]\n",
      "new T\n",
      "[ 0.00259651  0.1405804  -0.04972817]\n",
      "sensor_6 lidar: upper\n",
      "new R\n",
      "[[ 0.68504945  0.7284129   0.0110391 ]\n",
      " [ 0.01088345  0.00491841 -0.999929  ]\n",
      " [-0.72841569  0.68512095 -0.00455829]]\n",
      "new T\n",
      "[ 0.00284916 -0.2272069  -0.05222803]\n",
      "sensor_6 lidar: lower\n",
      "new R\n",
      "[[ 0.62578705  0.77991581  0.0110391 ]\n",
      " [ 0.010464    0.00575716 -0.999929  ]\n",
      " [-0.7799242   0.62585811 -0.00455829]]\n",
      "new T\n",
      "[-0.00156648  0.17276471 -0.05040471]\n",
      "sensor_4 lidar: upper\n",
      "new R\n",
      "[[-0.49430764  0.86928502 -0.00160497]\n",
      " [-0.004683   -0.0045092  -0.999979  ]\n",
      " [-0.86927452 -0.49429016  0.00629979]]\n",
      "new T\n",
      "[-0.0005746  -0.1551266  -0.05511233]\n",
      "sensor_4 lidar: lower\n",
      "new R\n",
      "[[-0.56876419  0.82249851 -0.00160497]\n",
      " [-0.00426875 -0.00490317 -0.999979  ]\n",
      " [-0.82248958 -0.56874585  0.00629979]]\n",
      "new T\n",
      "[ 1.79733389e-04  3.14863533e-01 -5.80732328e-02]\n",
      "sensor_2 lidar: upper\n",
      "new R\n",
      "[[-0.96915987 -0.24605525 -0.0136361 ]\n",
      " [ 0.01225921  0.00712663 -0.999899  ]\n",
      " [ 0.24612859 -0.96922934 -0.00389039]]\n",
      "new T\n",
      "[-0.00448472 -0.31651847 -0.04893712]\n",
      "sensor_2 lidar: lower\n",
      "new R\n",
      "[[-0.94787183 -0.31835989 -0.0136361 ]\n",
      " [ 0.01168756  0.00802983 -0.999899  ]\n",
      " [ 0.31843826 -0.94793558 -0.00389039]]\n",
      "new T\n",
      "[ 0.00219697  0.17343205 -0.04703083]\n",
      "sensor_0 lidar: upper\n",
      "new R\n",
      "[[-8.44608965e-02 -9.96426584e-01 -6.54539000e-04]\n",
      " [ 5.07070147e-05  6.52587486e-04 -1.00000000e+00]\n",
      " [ 9.96426584e-01 -8.44608965e-02 -4.59231000e-06]]\n",
      "new T\n",
      "[-1.74058950e-04 -2.53709740e-01 -5.69188481e-02]\n",
      "sensor_0 lidar: lower\n",
      "new R\n",
      "[[-1.23047129e-02 -9.99924084e-01 -6.54539000e-04]\n",
      " [ 3.46194894e-06  6.54545372e-04 -1.00000000e+00]\n",
      " [ 9.99924084e-01 -1.23047129e-02 -4.59231000e-06]]\n",
      "new T\n",
      "[ 1.07392825e-04  1.76290267e-01 -5.69168734e-02]\n",
      "sensor_8 lidar: upper\n",
      "new R\n",
      "[[ 0.93220272 -0.36192463  0.00296577]\n",
      " [ 0.00877939  0.01441963 -0.999857  ]\n",
      " [ 0.36183099  0.93209597  0.0166195 ]]\n",
      "new T\n",
      "[ 0.00390145 -0.29935669 -0.04241558]\n",
      "sensor_8 lidar: lower\n",
      "new R\n",
      "[[ 0.95543646 -0.29518217  0.00296577]\n",
      " [ 0.00773905  0.01500368 -0.999857  ]\n",
      " [ 0.29509629  0.95532336  0.0166195 ]]\n",
      "new T\n",
      "[ 0.00259651  0.1405804  -0.04972817]\n",
      "sensor_6 lidar: upper\n",
      "new R\n",
      "[[ 0.68504945  0.7284129   0.0110391 ]\n",
      " [ 0.01088345  0.00491841 -0.999929  ]\n",
      " [-0.72841569  0.68512095 -0.00455829]]\n",
      "new T\n",
      "[ 0.00284916 -0.2272069  -0.05222803]\n",
      "sensor_6 lidar: lower\n",
      "new R\n",
      "[[ 0.62578705  0.77991581  0.0110391 ]\n",
      " [ 0.010464    0.00575716 -0.999929  ]\n",
      " [-0.7799242   0.62585811 -0.00455829]]\n",
      "new T\n",
      "[-0.00156648  0.17276471 -0.05040471]\n",
      "sensor_4 lidar: upper\n",
      "new R\n",
      "[[-0.49430764  0.86928502 -0.00160497]\n",
      " [-0.004683   -0.0045092  -0.999979  ]\n",
      " [-0.86927452 -0.49429016  0.00629979]]\n",
      "new T\n",
      "[-0.0005746  -0.1551266  -0.05511233]\n",
      "sensor_4 lidar: lower\n",
      "new R\n",
      "[[-0.56876419  0.82249851 -0.00160497]\n",
      " [-0.00426875 -0.00490317 -0.999979  ]\n",
      " [-0.82248958 -0.56874585  0.00629979]]\n",
      "new T\n",
      "[ 1.79733389e-04  3.14863533e-01 -5.80732328e-02]\n",
      "sensor_2 lidar: upper\n",
      "new R\n",
      "[[-0.96915987 -0.24605525 -0.0136361 ]\n",
      " [ 0.01225921  0.00712663 -0.999899  ]\n",
      " [ 0.24612859 -0.96922934 -0.00389039]]\n",
      "new T\n",
      "[-0.00448472 -0.31651847 -0.04893712]\n",
      "sensor_2 lidar: lower\n",
      "new R\n",
      "[[-0.94787183 -0.31835989 -0.0136361 ]\n",
      " [ 0.01168756  0.00802983 -0.999899  ]\n",
      " [ 0.31843826 -0.94793558 -0.00389039]]\n",
      "new T\n",
      "[ 0.00219697  0.17343205 -0.04703083]\n",
      "sensor_0 lidar: upper\n",
      "new R\n",
      "[[-8.44608965e-02 -9.96426584e-01 -6.54539000e-04]\n",
      " [ 5.07070147e-05  6.52587486e-04 -1.00000000e+00]\n",
      " [ 9.96426584e-01 -8.44608965e-02 -4.59231000e-06]]\n",
      "new T\n",
      "[-1.74058950e-04 -2.53709740e-01 -5.69188481e-02]\n",
      "sensor_0 lidar: lower\n",
      "new R\n",
      "[[-1.23047129e-02 -9.99924084e-01 -6.54539000e-04]\n",
      " [ 3.46194894e-06  6.54545372e-04 -1.00000000e+00]\n",
      " [ 9.99924084e-01 -1.23047129e-02 -4.59231000e-06]]\n",
      "new T\n",
      "[ 1.07392825e-04  1.76290267e-01 -5.69168734e-02]\n",
      "sensor_8 lidar: upper\n",
      "new R\n",
      "[[ 0.93220272 -0.36192463  0.00296577]\n",
      " [ 0.00877939  0.01441963 -0.999857  ]\n",
      " [ 0.36183099  0.93209597  0.0166195 ]]\n",
      "new T\n",
      "[ 0.00390145 -0.29935669 -0.04241558]\n",
      "sensor_8 lidar: lower\n",
      "new R\n",
      "[[ 0.95543646 -0.29518217  0.00296577]\n",
      " [ 0.00773905  0.01500368 -0.999857  ]\n",
      " [ 0.29509629  0.95532336  0.0166195 ]]\n",
      "new T\n",
      "[ 0.00259651  0.1405804  -0.04972817]\n"
     ]
    },
    {
     "name": "stderr",
     "output_type": "stream",
     "text": [
      "/tmp/ipykernel_462451/4070404886.py:85: RuntimeWarning: More than 20 figures have been opened. Figures created through the pyplot interface (`matplotlib.pyplot.figure`) are retained until explicitly closed and may consume too much memory. (To control this warning, see the rcParam `figure.max_open_warning`).\n",
      "  plt.figure(figsize=(15, 10))\n"
     ]
    },
    {
     "name": "stdout",
     "output_type": "stream",
     "text": [
      "sensor_6 lidar: upper\n",
      "new R\n",
      "[[ 0.68504945  0.7284129   0.0110391 ]\n",
      " [ 0.01088345  0.00491841 -0.999929  ]\n",
      " [-0.72841569  0.68512095 -0.00455829]]\n",
      "new T\n",
      "[ 0.00284916 -0.2272069  -0.05222803]\n",
      "sensor_6 lidar: lower\n",
      "new R\n",
      "[[ 0.62578705  0.77991581  0.0110391 ]\n",
      " [ 0.010464    0.00575716 -0.999929  ]\n",
      " [-0.7799242   0.62585811 -0.00455829]]\n",
      "new T\n",
      "[-0.00156648  0.17276471 -0.05040471]\n",
      "sensor_4 lidar: upper\n",
      "new R\n",
      "[[-0.49430764  0.86928502 -0.00160497]\n",
      " [-0.004683   -0.0045092  -0.999979  ]\n",
      " [-0.86927452 -0.49429016  0.00629979]]\n",
      "new T\n",
      "[-0.0005746  -0.1551266  -0.05511233]\n",
      "sensor_4 lidar: lower\n",
      "new R\n",
      "[[-0.56876419  0.82249851 -0.00160497]\n",
      " [-0.00426875 -0.00490317 -0.999979  ]\n",
      " [-0.82248958 -0.56874585  0.00629979]]\n",
      "new T\n",
      "[ 1.79733389e-04  3.14863533e-01 -5.80732328e-02]\n",
      "sensor_2 lidar: upper\n",
      "new R\n",
      "[[-0.96915987 -0.24605525 -0.0136361 ]\n",
      " [ 0.01225921  0.00712663 -0.999899  ]\n",
      " [ 0.24612859 -0.96922934 -0.00389039]]\n",
      "new T\n",
      "[-0.00448472 -0.31651847 -0.04893712]\n",
      "sensor_2 lidar: lower\n",
      "new R\n",
      "[[-0.94787183 -0.31835989 -0.0136361 ]\n",
      " [ 0.01168756  0.00802983 -0.999899  ]\n",
      " [ 0.31843826 -0.94793558 -0.00389039]]\n",
      "new T\n",
      "[ 0.00219697  0.17343205 -0.04703083]\n",
      "sensor_0 lidar: upper\n",
      "new R\n",
      "[[-8.44608965e-02 -9.96426584e-01 -6.54539000e-04]\n",
      " [ 5.07070147e-05  6.52587486e-04 -1.00000000e+00]\n",
      " [ 9.96426584e-01 -8.44608965e-02 -4.59231000e-06]]\n",
      "new T\n",
      "[-1.74058950e-04 -2.53709740e-01 -5.69188481e-02]\n",
      "sensor_0 lidar: lower\n",
      "new R\n",
      "[[-1.23047129e-02 -9.99924084e-01 -6.54539000e-04]\n",
      " [ 3.46194894e-06  6.54545372e-04 -1.00000000e+00]\n",
      " [ 9.99924084e-01 -1.23047129e-02 -4.59231000e-06]]\n",
      "new T\n",
      "[ 1.07392825e-04  1.76290267e-01 -5.69168734e-02]\n",
      "sensor_8 lidar: upper\n",
      "new R\n",
      "[[ 0.93220272 -0.36192463  0.00296577]\n",
      " [ 0.00877939  0.01441963 -0.999857  ]\n",
      " [ 0.36183099  0.93209597  0.0166195 ]]\n",
      "new T\n",
      "[ 0.00390145 -0.29935669 -0.04241558]\n",
      "sensor_8 lidar: lower\n",
      "new R\n",
      "[[ 0.95543646 -0.29518217  0.00296577]\n",
      " [ 0.00773905  0.01500368 -0.999857  ]\n",
      " [ 0.29509629  0.95532336  0.0166195 ]]\n",
      "new T\n",
      "[ 0.00259651  0.1405804  -0.04972817]\n",
      "sensor_6 lidar: upper\n",
      "new R\n",
      "[[ 0.68504945  0.7284129   0.0110391 ]\n",
      " [ 0.01088345  0.00491841 -0.999929  ]\n",
      " [-0.72841569  0.68512095 -0.00455829]]\n",
      "new T\n",
      "[ 0.00284916 -0.2272069  -0.05222803]\n",
      "sensor_6 lidar: lower\n",
      "new R\n",
      "[[ 0.62578705  0.77991581  0.0110391 ]\n",
      " [ 0.010464    0.00575716 -0.999929  ]\n",
      " [-0.7799242   0.62585811 -0.00455829]]\n",
      "new T\n",
      "[-0.00156648  0.17276471 -0.05040471]\n",
      "sensor_4 lidar: upper\n",
      "new R\n",
      "[[-0.49430764  0.86928502 -0.00160497]\n",
      " [-0.004683   -0.0045092  -0.999979  ]\n",
      " [-0.86927452 -0.49429016  0.00629979]]\n",
      "new T\n",
      "[-0.0005746  -0.1551266  -0.05511233]\n",
      "sensor_4 lidar: lower\n",
      "new R\n",
      "[[-0.56876419  0.82249851 -0.00160497]\n",
      " [-0.00426875 -0.00490317 -0.999979  ]\n",
      " [-0.82248958 -0.56874585  0.00629979]]\n",
      "new T\n",
      "[ 1.79733389e-04  3.14863533e-01 -5.80732328e-02]\n",
      "sensor_2 lidar: upper\n",
      "new R\n",
      "[[-0.96915987 -0.24605525 -0.0136361 ]\n",
      " [ 0.01225921  0.00712663 -0.999899  ]\n",
      " [ 0.24612859 -0.96922934 -0.00389039]]\n",
      "new T\n",
      "[-0.00448472 -0.31651847 -0.04893712]\n",
      "sensor_2 lidar: lower\n",
      "new R\n",
      "[[-0.94787183 -0.31835989 -0.0136361 ]\n",
      " [ 0.01168756  0.00802983 -0.999899  ]\n",
      " [ 0.31843826 -0.94793558 -0.00389039]]\n",
      "new T\n",
      "[ 0.00219697  0.17343205 -0.04703083]\n",
      "sensor_0 lidar: upper\n",
      "new R\n",
      "[[-8.44608965e-02 -9.96426584e-01 -6.54539000e-04]\n",
      " [ 5.07070147e-05  6.52587486e-04 -1.00000000e+00]\n",
      " [ 9.96426584e-01 -8.44608965e-02 -4.59231000e-06]]\n",
      "new T\n",
      "[-1.74058950e-04 -2.53709740e-01 -5.69188481e-02]\n",
      "sensor_0 lidar: lower\n",
      "new R\n",
      "[[-1.23047129e-02 -9.99924084e-01 -6.54539000e-04]\n",
      " [ 3.46194894e-06  6.54545372e-04 -1.00000000e+00]\n",
      " [ 9.99924084e-01 -1.23047129e-02 -4.59231000e-06]]\n",
      "new T\n",
      "[ 1.07392825e-04  1.76290267e-01 -5.69168734e-02]\n",
      "sensor_8 lidar: upper\n",
      "new R\n",
      "[[ 0.93220272 -0.36192463  0.00296577]\n",
      " [ 0.00877939  0.01441963 -0.999857  ]\n",
      " [ 0.36183099  0.93209597  0.0166195 ]]\n",
      "new T\n",
      "[ 0.00390145 -0.29935669 -0.04241558]\n",
      "sensor_8 lidar: lower\n",
      "new R\n",
      "[[ 0.95543646 -0.29518217  0.00296577]\n",
      " [ 0.00773905  0.01500368 -0.999857  ]\n",
      " [ 0.29509629  0.95532336  0.0166195 ]]\n",
      "new T\n",
      "[ 0.00259651  0.1405804  -0.04972817]\n",
      "sensor_6 lidar: upper\n",
      "new R\n",
      "[[ 0.68504945  0.7284129   0.0110391 ]\n",
      " [ 0.01088345  0.00491841 -0.999929  ]\n",
      " [-0.72841569  0.68512095 -0.00455829]]\n",
      "new T\n",
      "[ 0.00284916 -0.2272069  -0.05222803]\n",
      "sensor_6 lidar: lower\n",
      "new R\n",
      "[[ 0.62578705  0.77991581  0.0110391 ]\n",
      " [ 0.010464    0.00575716 -0.999929  ]\n",
      " [-0.7799242   0.62585811 -0.00455829]]\n",
      "new T\n",
      "[-0.00156648  0.17276471 -0.05040471]\n",
      "sensor_4 lidar: upper\n",
      "new R\n",
      "[[-0.49430764  0.86928502 -0.00160497]\n",
      " [-0.004683   -0.0045092  -0.999979  ]\n",
      " [-0.86927452 -0.49429016  0.00629979]]\n",
      "new T\n",
      "[-0.0005746  -0.1551266  -0.05511233]\n",
      "sensor_4 lidar: lower\n",
      "new R\n",
      "[[-0.56876419  0.82249851 -0.00160497]\n",
      " [-0.00426875 -0.00490317 -0.999979  ]\n",
      " [-0.82248958 -0.56874585  0.00629979]]\n",
      "new T\n",
      "[ 1.79733389e-04  3.14863533e-01 -5.80732328e-02]\n",
      "sensor_2 lidar: upper\n",
      "new R\n",
      "[[-0.96915987 -0.24605525 -0.0136361 ]\n",
      " [ 0.01225921  0.00712663 -0.999899  ]\n",
      " [ 0.24612859 -0.96922934 -0.00389039]]\n",
      "new T\n",
      "[-0.00448472 -0.31651847 -0.04893712]\n",
      "sensor_2 lidar: lower\n",
      "new R\n",
      "[[-0.94787183 -0.31835989 -0.0136361 ]\n",
      " [ 0.01168756  0.00802983 -0.999899  ]\n",
      " [ 0.31843826 -0.94793558 -0.00389039]]\n",
      "new T\n",
      "[ 0.00219697  0.17343205 -0.04703083]\n",
      "sensor_0 lidar: upper\n",
      "new R\n",
      "[[-8.44608965e-02 -9.96426584e-01 -6.54539000e-04]\n",
      " [ 5.07070147e-05  6.52587486e-04 -1.00000000e+00]\n",
      " [ 9.96426584e-01 -8.44608965e-02 -4.59231000e-06]]\n",
      "new T\n",
      "[-1.74058950e-04 -2.53709740e-01 -5.69188481e-02]\n",
      "sensor_0 lidar: lower\n",
      "new R\n",
      "[[-1.23047129e-02 -9.99924084e-01 -6.54539000e-04]\n",
      " [ 3.46194894e-06  6.54545372e-04 -1.00000000e+00]\n",
      " [ 9.99924084e-01 -1.23047129e-02 -4.59231000e-06]]\n",
      "new T\n",
      "[ 1.07392825e-04  1.76290267e-01 -5.69168734e-02]\n",
      "sensor_8 lidar: upper\n",
      "new R\n",
      "[[ 0.93220272 -0.36192463  0.00296577]\n",
      " [ 0.00877939  0.01441963 -0.999857  ]\n",
      " [ 0.36183099  0.93209597  0.0166195 ]]\n",
      "new T\n",
      "[ 0.00390145 -0.29935669 -0.04241558]\n",
      "sensor_8 lidar: lower\n",
      "new R\n",
      "[[ 0.95543646 -0.29518217  0.00296577]\n",
      " [ 0.00773905  0.01500368 -0.999857  ]\n",
      " [ 0.29509629  0.95532336  0.0166195 ]]\n",
      "new T\n",
      "[ 0.00259651  0.1405804  -0.04972817]\n",
      "sensor_6 lidar: upper\n",
      "new R\n",
      "[[ 0.68504945  0.7284129   0.0110391 ]\n",
      " [ 0.01088345  0.00491841 -0.999929  ]\n",
      " [-0.72841569  0.68512095 -0.00455829]]\n",
      "new T\n",
      "[ 0.00284916 -0.2272069  -0.05222803]\n",
      "sensor_6 lidar: lower\n",
      "new R\n",
      "[[ 0.62578705  0.77991581  0.0110391 ]\n",
      " [ 0.010464    0.00575716 -0.999929  ]\n",
      " [-0.7799242   0.62585811 -0.00455829]]\n",
      "new T\n",
      "[-0.00156648  0.17276471 -0.05040471]\n",
      "sensor_4 lidar: upper\n",
      "new R\n",
      "[[-0.49430764  0.86928502 -0.00160497]\n",
      " [-0.004683   -0.0045092  -0.999979  ]\n",
      " [-0.86927452 -0.49429016  0.00629979]]\n",
      "new T\n",
      "[-0.0005746  -0.1551266  -0.05511233]\n",
      "sensor_4 lidar: lower\n",
      "new R\n",
      "[[-0.56876419  0.82249851 -0.00160497]\n",
      " [-0.00426875 -0.00490317 -0.999979  ]\n",
      " [-0.82248958 -0.56874585  0.00629979]]\n",
      "new T\n",
      "[ 1.79733389e-04  3.14863533e-01 -5.80732328e-02]\n",
      "sensor_2 lidar: upper\n",
      "new R\n",
      "[[-0.96915987 -0.24605525 -0.0136361 ]\n",
      " [ 0.01225921  0.00712663 -0.999899  ]\n",
      " [ 0.24612859 -0.96922934 -0.00389039]]\n",
      "new T\n",
      "[-0.00448472 -0.31651847 -0.04893712]\n",
      "sensor_2 lidar: lower\n",
      "new R\n",
      "[[-0.94787183 -0.31835989 -0.0136361 ]\n",
      " [ 0.01168756  0.00802983 -0.999899  ]\n",
      " [ 0.31843826 -0.94793558 -0.00389039]]\n",
      "new T\n",
      "[ 0.00219697  0.17343205 -0.04703083]\n",
      "sensor_0 lidar: upper\n",
      "new R\n",
      "[[-8.44608965e-02 -9.96426584e-01 -6.54539000e-04]\n",
      " [ 5.07070147e-05  6.52587486e-04 -1.00000000e+00]\n",
      " [ 9.96426584e-01 -8.44608965e-02 -4.59231000e-06]]\n",
      "new T\n",
      "[-1.74058950e-04 -2.53709740e-01 -5.69188481e-02]\n",
      "sensor_0 lidar: lower\n",
      "new R\n",
      "[[-1.23047129e-02 -9.99924084e-01 -6.54539000e-04]\n",
      " [ 3.46194894e-06  6.54545372e-04 -1.00000000e+00]\n",
      " [ 9.99924084e-01 -1.23047129e-02 -4.59231000e-06]]\n",
      "new T\n",
      "[ 1.07392825e-04  1.76290267e-01 -5.69168734e-02]\n",
      "sensor_8 lidar: upper\n",
      "new R\n",
      "[[ 0.93220272 -0.36192463  0.00296577]\n",
      " [ 0.00877939  0.01441963 -0.999857  ]\n",
      " [ 0.36183099  0.93209597  0.0166195 ]]\n",
      "new T\n",
      "[ 0.00390145 -0.29935669 -0.04241558]\n",
      "sensor_8 lidar: lower\n",
      "new R\n",
      "[[ 0.95543646 -0.29518217  0.00296577]\n",
      " [ 0.00773905  0.01500368 -0.999857  ]\n",
      " [ 0.29509629  0.95532336  0.0166195 ]]\n",
      "new T\n",
      "[ 0.00259651  0.1405804  -0.04972817]\n",
      "sensor_6 lidar: upper\n",
      "new R\n",
      "[[ 0.68504945  0.7284129   0.0110391 ]\n",
      " [ 0.01088345  0.00491841 -0.999929  ]\n",
      " [-0.72841569  0.68512095 -0.00455829]]\n",
      "new T\n",
      "[ 0.00284916 -0.2272069  -0.05222803]\n",
      "sensor_6 lidar: lower\n",
      "new R\n",
      "[[ 0.62578705  0.77991581  0.0110391 ]\n",
      " [ 0.010464    0.00575716 -0.999929  ]\n",
      " [-0.7799242   0.62585811 -0.00455829]]\n",
      "new T\n",
      "[-0.00156648  0.17276471 -0.05040471]\n",
      "sensor_4 lidar: upper\n",
      "new R\n",
      "[[-0.49430764  0.86928502 -0.00160497]\n",
      " [-0.004683   -0.0045092  -0.999979  ]\n",
      " [-0.86927452 -0.49429016  0.00629979]]\n",
      "new T\n",
      "[-0.0005746  -0.1551266  -0.05511233]\n",
      "sensor_4 lidar: lower\n",
      "new R\n",
      "[[-0.56876419  0.82249851 -0.00160497]\n",
      " [-0.00426875 -0.00490317 -0.999979  ]\n",
      " [-0.82248958 -0.56874585  0.00629979]]\n",
      "new T\n",
      "[ 1.79733389e-04  3.14863533e-01 -5.80732328e-02]\n",
      "sensor_2 lidar: upper\n",
      "new R\n",
      "[[-0.96915987 -0.24605525 -0.0136361 ]\n",
      " [ 0.01225921  0.00712663 -0.999899  ]\n",
      " [ 0.24612859 -0.96922934 -0.00389039]]\n",
      "new T\n",
      "[-0.00448472 -0.31651847 -0.04893712]\n",
      "sensor_2 lidar: lower\n",
      "new R\n",
      "[[-0.94787183 -0.31835989 -0.0136361 ]\n",
      " [ 0.01168756  0.00802983 -0.999899  ]\n",
      " [ 0.31843826 -0.94793558 -0.00389039]]\n",
      "new T\n",
      "[ 0.00219697  0.17343205 -0.04703083]\n",
      "sensor_0 lidar: upper\n",
      "new R\n",
      "[[-8.44608965e-02 -9.96426584e-01 -6.54539000e-04]\n",
      " [ 5.07070147e-05  6.52587486e-04 -1.00000000e+00]\n",
      " [ 9.96426584e-01 -8.44608965e-02 -4.59231000e-06]]\n",
      "new T\n",
      "[-1.74058950e-04 -2.53709740e-01 -5.69188481e-02]\n",
      "sensor_0 lidar: lower\n",
      "new R\n",
      "[[-1.23047129e-02 -9.99924084e-01 -6.54539000e-04]\n",
      " [ 3.46194894e-06  6.54545372e-04 -1.00000000e+00]\n",
      " [ 9.99924084e-01 -1.23047129e-02 -4.59231000e-06]]\n",
      "new T\n",
      "[ 1.07392825e-04  1.76290267e-01 -5.69168734e-02]\n"
     ]
    },
    {
     "name": "stdout",
     "output_type": "stream",
     "text": [
      "sensor_8 lidar: upper\n",
      "new R\n",
      "[[ 0.93220272 -0.36192463  0.00296577]\n",
      " [ 0.00877939  0.01441963 -0.999857  ]\n",
      " [ 0.36183099  0.93209597  0.0166195 ]]\n",
      "new T\n",
      "[ 0.00390145 -0.29935669 -0.04241558]\n",
      "sensor_8 lidar: lower\n",
      "new R\n",
      "[[ 0.95543646 -0.29518217  0.00296577]\n",
      " [ 0.00773905  0.01500368 -0.999857  ]\n",
      " [ 0.29509629  0.95532336  0.0166195 ]]\n",
      "new T\n",
      "[ 0.00259651  0.1405804  -0.04972817]\n",
      "sensor_6 lidar: upper\n",
      "new R\n",
      "[[ 0.68504945  0.7284129   0.0110391 ]\n",
      " [ 0.01088345  0.00491841 -0.999929  ]\n",
      " [-0.72841569  0.68512095 -0.00455829]]\n",
      "new T\n",
      "[ 0.00284916 -0.2272069  -0.05222803]\n",
      "sensor_6 lidar: lower\n",
      "new R\n",
      "[[ 0.62578705  0.77991581  0.0110391 ]\n",
      " [ 0.010464    0.00575716 -0.999929  ]\n",
      " [-0.7799242   0.62585811 -0.00455829]]\n",
      "new T\n",
      "[-0.00156648  0.17276471 -0.05040471]\n",
      "sensor_4 lidar: upper\n",
      "new R\n",
      "[[-0.49430764  0.86928502 -0.00160497]\n",
      " [-0.004683   -0.0045092  -0.999979  ]\n",
      " [-0.86927452 -0.49429016  0.00629979]]\n",
      "new T\n",
      "[-0.0005746  -0.1551266  -0.05511233]\n",
      "sensor_4 lidar: lower\n",
      "new R\n",
      "[[-0.56876419  0.82249851 -0.00160497]\n",
      " [-0.00426875 -0.00490317 -0.999979  ]\n",
      " [-0.82248958 -0.56874585  0.00629979]]\n",
      "new T\n",
      "[ 1.79733389e-04  3.14863533e-01 -5.80732328e-02]\n",
      "sensor_2 lidar: upper\n",
      "new R\n",
      "[[-0.96915987 -0.24605525 -0.0136361 ]\n",
      " [ 0.01225921  0.00712663 -0.999899  ]\n",
      " [ 0.24612859 -0.96922934 -0.00389039]]\n",
      "new T\n",
      "[-0.00448472 -0.31651847 -0.04893712]\n",
      "sensor_2 lidar: lower\n",
      "new R\n",
      "[[-0.94787183 -0.31835989 -0.0136361 ]\n",
      " [ 0.01168756  0.00802983 -0.999899  ]\n",
      " [ 0.31843826 -0.94793558 -0.00389039]]\n",
      "new T\n",
      "[ 0.00219697  0.17343205 -0.04703083]\n",
      "sensor_0 lidar: upper\n",
      "new R\n",
      "[[-8.44608965e-02 -9.96426584e-01 -6.54539000e-04]\n",
      " [ 5.07070147e-05  6.52587486e-04 -1.00000000e+00]\n",
      " [ 9.96426584e-01 -8.44608965e-02 -4.59231000e-06]]\n",
      "new T\n",
      "[-1.74058950e-04 -2.53709740e-01 -5.69188481e-02]\n",
      "sensor_0 lidar: lower\n",
      "new R\n",
      "[[-1.23047129e-02 -9.99924084e-01 -6.54539000e-04]\n",
      " [ 3.46194894e-06  6.54545372e-04 -1.00000000e+00]\n",
      " [ 9.99924084e-01 -1.23047129e-02 -4.59231000e-06]]\n",
      "new T\n",
      "[ 1.07392825e-04  1.76290267e-01 -5.69168734e-02]\n",
      "sensor_8 lidar: upper\n",
      "new R\n",
      "[[ 0.93220272 -0.36192463  0.00296577]\n",
      " [ 0.00877939  0.01441963 -0.999857  ]\n",
      " [ 0.36183099  0.93209597  0.0166195 ]]\n",
      "new T\n",
      "[ 0.00390145 -0.29935669 -0.04241558]\n",
      "sensor_8 lidar: lower\n",
      "new R\n",
      "[[ 0.95543646 -0.29518217  0.00296577]\n",
      " [ 0.00773905  0.01500368 -0.999857  ]\n",
      " [ 0.29509629  0.95532336  0.0166195 ]]\n",
      "new T\n",
      "[ 0.00259651  0.1405804  -0.04972817]\n",
      "sensor_6 lidar: upper\n",
      "new R\n",
      "[[ 0.68504945  0.7284129   0.0110391 ]\n",
      " [ 0.01088345  0.00491841 -0.999929  ]\n",
      " [-0.72841569  0.68512095 -0.00455829]]\n",
      "new T\n",
      "[ 0.00284916 -0.2272069  -0.05222803]\n",
      "sensor_6 lidar: lower\n",
      "new R\n",
      "[[ 0.62578705  0.77991581  0.0110391 ]\n",
      " [ 0.010464    0.00575716 -0.999929  ]\n",
      " [-0.7799242   0.62585811 -0.00455829]]\n",
      "new T\n",
      "[-0.00156648  0.17276471 -0.05040471]\n",
      "sensor_4 lidar: upper\n",
      "new R\n",
      "[[-0.49430764  0.86928502 -0.00160497]\n",
      " [-0.004683   -0.0045092  -0.999979  ]\n",
      " [-0.86927452 -0.49429016  0.00629979]]\n",
      "new T\n",
      "[-0.0005746  -0.1551266  -0.05511233]\n",
      "sensor_4 lidar: lower\n",
      "new R\n",
      "[[-0.56876419  0.82249851 -0.00160497]\n",
      " [-0.00426875 -0.00490317 -0.999979  ]\n",
      " [-0.82248958 -0.56874585  0.00629979]]\n",
      "new T\n",
      "[ 1.79733389e-04  3.14863533e-01 -5.80732328e-02]\n",
      "sensor_2 lidar: upper\n",
      "new R\n",
      "[[-0.96915987 -0.24605525 -0.0136361 ]\n",
      " [ 0.01225921  0.00712663 -0.999899  ]\n",
      " [ 0.24612859 -0.96922934 -0.00389039]]\n",
      "new T\n",
      "[-0.00448472 -0.31651847 -0.04893712]\n",
      "sensor_2 lidar: lower\n",
      "new R\n",
      "[[-0.94787183 -0.31835989 -0.0136361 ]\n",
      " [ 0.01168756  0.00802983 -0.999899  ]\n",
      " [ 0.31843826 -0.94793558 -0.00389039]]\n",
      "new T\n",
      "[ 0.00219697  0.17343205 -0.04703083]\n",
      "sensor_0 lidar: upper\n",
      "new R\n",
      "[[-8.44608965e-02 -9.96426584e-01 -6.54539000e-04]\n",
      " [ 5.07070147e-05  6.52587486e-04 -1.00000000e+00]\n",
      " [ 9.96426584e-01 -8.44608965e-02 -4.59231000e-06]]\n",
      "new T\n",
      "[-1.74058950e-04 -2.53709740e-01 -5.69188481e-02]\n",
      "sensor_0 lidar: lower\n",
      "new R\n",
      "[[-1.23047129e-02 -9.99924084e-01 -6.54539000e-04]\n",
      " [ 3.46194894e-06  6.54545372e-04 -1.00000000e+00]\n",
      " [ 9.99924084e-01 -1.23047129e-02 -4.59231000e-06]]\n",
      "new T\n",
      "[ 1.07392825e-04  1.76290267e-01 -5.69168734e-02]\n",
      "sensor_8 lidar: upper\n",
      "new R\n",
      "[[ 0.93220272 -0.36192463  0.00296577]\n",
      " [ 0.00877939  0.01441963 -0.999857  ]\n",
      " [ 0.36183099  0.93209597  0.0166195 ]]\n",
      "new T\n",
      "[ 0.00390145 -0.29935669 -0.04241558]\n",
      "sensor_8 lidar: lower\n",
      "new R\n",
      "[[ 0.95543646 -0.29518217  0.00296577]\n",
      " [ 0.00773905  0.01500368 -0.999857  ]\n",
      " [ 0.29509629  0.95532336  0.0166195 ]]\n",
      "new T\n",
      "[ 0.00259651  0.1405804  -0.04972817]\n",
      "sensor_6 lidar: upper\n",
      "new R\n",
      "[[ 0.68504945  0.7284129   0.0110391 ]\n",
      " [ 0.01088345  0.00491841 -0.999929  ]\n",
      " [-0.72841569  0.68512095 -0.00455829]]\n",
      "new T\n",
      "[ 0.00284916 -0.2272069  -0.05222803]\n",
      "sensor_6 lidar: lower\n",
      "new R\n",
      "[[ 0.62578705  0.77991581  0.0110391 ]\n",
      " [ 0.010464    0.00575716 -0.999929  ]\n",
      " [-0.7799242   0.62585811 -0.00455829]]\n",
      "new T\n",
      "[-0.00156648  0.17276471 -0.05040471]\n",
      "sensor_4 lidar: upper\n",
      "new R\n",
      "[[-0.49430764  0.86928502 -0.00160497]\n",
      " [-0.004683   -0.0045092  -0.999979  ]\n",
      " [-0.86927452 -0.49429016  0.00629979]]\n",
      "new T\n",
      "[-0.0005746  -0.1551266  -0.05511233]\n",
      "sensor_4 lidar: lower\n",
      "new R\n",
      "[[-0.56876419  0.82249851 -0.00160497]\n",
      " [-0.00426875 -0.00490317 -0.999979  ]\n",
      " [-0.82248958 -0.56874585  0.00629979]]\n",
      "new T\n",
      "[ 1.79733389e-04  3.14863533e-01 -5.80732328e-02]\n",
      "sensor_2 lidar: upper\n",
      "new R\n",
      "[[-0.96915987 -0.24605525 -0.0136361 ]\n",
      " [ 0.01225921  0.00712663 -0.999899  ]\n",
      " [ 0.24612859 -0.96922934 -0.00389039]]\n",
      "new T\n",
      "[-0.00448472 -0.31651847 -0.04893712]\n",
      "sensor_2 lidar: lower\n",
      "new R\n",
      "[[-0.94787183 -0.31835989 -0.0136361 ]\n",
      " [ 0.01168756  0.00802983 -0.999899  ]\n",
      " [ 0.31843826 -0.94793558 -0.00389039]]\n",
      "new T\n",
      "[ 0.00219697  0.17343205 -0.04703083]\n",
      "sensor_0 lidar: upper\n",
      "new R\n",
      "[[-8.44608965e-02 -9.96426584e-01 -6.54539000e-04]\n",
      " [ 5.07070147e-05  6.52587486e-04 -1.00000000e+00]\n",
      " [ 9.96426584e-01 -8.44608965e-02 -4.59231000e-06]]\n",
      "new T\n",
      "[-1.74058950e-04 -2.53709740e-01 -5.69188481e-02]\n",
      "sensor_0 lidar: lower\n",
      "new R\n",
      "[[-1.23047129e-02 -9.99924084e-01 -6.54539000e-04]\n",
      " [ 3.46194894e-06  6.54545372e-04 -1.00000000e+00]\n",
      " [ 9.99924084e-01 -1.23047129e-02 -4.59231000e-06]]\n",
      "new T\n",
      "[ 1.07392825e-04  1.76290267e-01 -5.69168734e-02]\n",
      "sensor_8 lidar: upper\n",
      "new R\n",
      "[[ 0.93220272 -0.36192463  0.00296577]\n",
      " [ 0.00877939  0.01441963 -0.999857  ]\n",
      " [ 0.36183099  0.93209597  0.0166195 ]]\n",
      "new T\n",
      "[ 0.00390145 -0.29935669 -0.04241558]\n",
      "sensor_8 lidar: lower\n",
      "new R\n",
      "[[ 0.95543646 -0.29518217  0.00296577]\n",
      " [ 0.00773905  0.01500368 -0.999857  ]\n",
      " [ 0.29509629  0.95532336  0.0166195 ]]\n",
      "new T\n",
      "[ 0.00259651  0.1405804  -0.04972817]\n",
      "sensor_6 lidar: upper\n",
      "new R\n",
      "[[ 0.68504945  0.7284129   0.0110391 ]\n",
      " [ 0.01088345  0.00491841 -0.999929  ]\n",
      " [-0.72841569  0.68512095 -0.00455829]]\n",
      "new T\n",
      "[ 0.00284916 -0.2272069  -0.05222803]\n",
      "sensor_6 lidar: lower\n",
      "new R\n",
      "[[ 0.62578705  0.77991581  0.0110391 ]\n",
      " [ 0.010464    0.00575716 -0.999929  ]\n",
      " [-0.7799242   0.62585811 -0.00455829]]\n",
      "new T\n",
      "[-0.00156648  0.17276471 -0.05040471]\n",
      "sensor_4 lidar: upper\n",
      "new R\n",
      "[[-0.49430764  0.86928502 -0.00160497]\n",
      " [-0.004683   -0.0045092  -0.999979  ]\n",
      " [-0.86927452 -0.49429016  0.00629979]]\n",
      "new T\n",
      "[-0.0005746  -0.1551266  -0.05511233]\n",
      "sensor_4 lidar: lower\n",
      "new R\n",
      "[[-0.56876419  0.82249851 -0.00160497]\n",
      " [-0.00426875 -0.00490317 -0.999979  ]\n",
      " [-0.82248958 -0.56874585  0.00629979]]\n",
      "new T\n",
      "[ 1.79733389e-04  3.14863533e-01 -5.80732328e-02]\n",
