%YAML 1.2
---
upper:
  lidar2ego:
  - [0.9963896745022904, -0.08489768280241602, 0.0, -0.0]
  - [0.08489768280241602, 0.9963896745022904, 0.0, -0.0]
  - [0.0, 0.0, 1.0, 0.33529]
  - [0.0, 0.0, 0.0, 1.0]
  sensor_8:
    ego2cam:
    - [0.9595637235661645, -0.2814761166295238, 0.00296577, 0.0029070578820032103]
    - [0.007523499581845124, 0.01511291790131794, -0.999857, 0.03588536174211637]
    - [0.28139187322683423, 0.9594494079980941, 0.0166195, -0.04798793712528202]
    - [0.0, 0.0, 0.0, 1.0]
  sensor_6:
    ego2cam:
    - [0.6207356314866732, 0.7839422027087464, 0.0110391, -0.0008521398225504588]
    - [0.010426591418260488, 0.005824635235708817, -0.999929, 0.10805929291998961]
    - [-0.7839510532184775, 0.6208066361941051, -0.00455829, -0.05069967995269238]
    - [0.0, 0.0, 0.0, 1.0]
  sensor_4:
    ego2cam:
    - [-0.5611336900760945, 0.8277230657119478, -0.00160497, -0.0001488200067867268]
    - [-0.004313912159767519, -0.004863486997697634, -0.999979, 0.11015784010206786]
    - [-0.8277139714221238, -0.561115433737672, 0.00629979, -0.05678360279660993]
    - [0.0, 0.0, 0.0, 1.0]
  sensor_2:
    ego2cam:
    - [-0.9447713671330538, -0.32744633311512356, -0.0136361, 8.732693648900395e-05]
    - [0.011609918859482956, 0.008141675133449013, -0.999899, 0.018737663326054976]
    - [0.32752530931687174, -0.9448343572875023, -0.00389039, -0.04763271204617541]
    - [0.0, 0.0, 0.0, 1.0]
  sensor_0:
    ego2cam:
    - [0.00043834287571332953, -0.9999996939120073, -0.000654539, 4.5401431309999985e-05]
    - [-4.879219577074044e-06, 0.0006545363411840901, -1.0, 0.08158025999999996]
    - [0.9999996939120074, 0.0004383428757133434, -4.59231e-06, -0.0569173083218801]
    - [0.0, 0.0, 0.0, 1.0]
lower:
  lidar2ego:
  - [1.0, -0.0, 0.0, -0.0]
  - [0.0, 1.0, 0.0, -0.0]
  - [0.0, 0.0, 1.0, -0.13511]
  - [0.0, 0.0, 0.0, 1.0]
  sensor_8:
    ego2cam:
    - [0.955898954259951, -0.29368100561958715, 0.00296577, 0.00308619040060963]
    - [0.007715472983063545, 0.01501581866225137, -0.999857, -0.024506004633650935]
    - [0.2935953123310587, 0.9557857214895126, 0.0166195, -0.04698411926584605]
    - [0.0, 0.0, 0.0, 1.0]
  sensor_6:
    ego2cam:
    - [0.6208743782414021, 0.7838323212450176, 0.0110391, -0.0002957691200422036]
    - [0.010427622205774792, 0.005822789654970929, -0.999929, 0.05766286565795048]
    - [-0.7838411591868937, 0.6209453845142476, -0.00455829, -0.05092941779450343]
    - [0.0, 0.0, 0.0, 1.0]
  sensor_4:
    ego2cam:
    - [-0.5609871756677111, 0.8278223724848011, -0.00160497, -0.00016551170530973002]
    - [-0.004314772921377798, -0.0048627233661713565, -0.999979, 0.09975805194569462]
    - [-0.8278132749637774, -0.560968920939249, 0.00629979, -0.056718084939305295]
    - [0.0, 0.0, 0.0, 1.0]
  sensor_2:
    ego2cam:
    - [-0.9478718344255903, -0.31835989497370143, -0.0136361, 0.00035459462653298734]
    - [0.011687557022787377, 0.008029825698076733, -0.999899, 0.038335693261834974]
    - [0.3184382627268276, -0.9479355799765721, -0.00389039, -0.04755646036507376]
    - [0.0, 0.0, 0.0, 1.0]
  sensor_0:
    ego2cam:
    - [-0.01230471287894599, -0.9999240841231657, -0.000654539, 4.513961492972871e-05]
    - [3.46194894044465e-06, 0.0006545453717076232, -1.0, 0.08118025880790711]
    - [0.9999240841231657, -0.01230471287894599, -4.59231e-06, -0.056917310158809575]
    - [0.0, 0.0, 0.0, 1.0]
sensor_8:
  D: [-0.331228, 0.144696, 0.000117553, 0.000566449, -0.0343506]
  K:
  - [476.708, 0.0, 354.16]
  - [0.0, 479.424, 209.383]
  - [0.0, 0.0, 1.0]
sensor_6:
  D: [-0.340676, 0.165511, -0.00035978, 0.000181532, -0.0493721]
  K:
  - [480.459, 0.0, 362.503]
  - [0.0, 482.924, 197.949]
  - [0.0, 0.0, 1.0]
sensor_4:
  D: [-0.34064, 0.168338, 0.000147292, 0.000229372, -0.0516133]
  K:
  - [485.046, 0.0, 368.864]
  - [0.0, 488.185, 208.215]
  - [0.0, 0.0, 1.0]
sensor_2:
  D: [-0.338469, 0.156256, -0.000385467, 0.000295485, -0.0401965]
  K:
  - [483.911, 0.0, 355.144]
  - [0.0, 486.466, 223.026]
  - [0.0, 0.0, 1.0]
sensor_0:
  D: [-0.336591, 0.159742, 0.00012697, -7.22557e-05, -0.0461953]
  K:
  - [476.71, 0.0, 350.738]
  - [0.0, 479.505, 209.532]
  - [0.0, 0.0, 1.0]
