%YAML 1.2
---
upper:
  lidar2ego:
  - [0.9961336091431725, -0.08785119655074317, 0.0, -0.0]
  - [0.08785119655074317, 0.9961336091431725, 0.0, -0.0]
  - [0.0, 0.0, 1.0, 0.25]
  - [0.0, 0.0, 0.0, 1.0]
lower:
  lidar2ego:
  - [0.9998766324816606, -0.015707317311820675, 0.0, -0.0]
  - [0.015707317311820675, 0.9998766324816606, 0.0, -0.0]
  - [0.0, 0.0, 1.0, -0.18000000715255737]
  - [0.0, 0.0, 0.0, 1.0]
sensor_8:
  ego2cam:
  - [0.590019, 0.807384, 0.00296577, 0.00339727]
  - [-0.0116688, 0.0122001, -0.999857, -0.129381]
  - [-0.807305, 0.589901, 0.0166195, -0.0452409]
  - [0.0, 0.0, 0.0, 1.0]
  D: [-0.331228, 0.144696, 0.000117553, 0.000566449, -0.0343506]
  K:
  - [476.708, 0.0, 354.16]
  - [0.0, 479.424, 209.383]
  - [0.0, 0.0, 1.0]
sensor_6:
  ego2cam:
  - [-0.951229, -0.308288, 0.0110391, 0.00174525]
  - [-0.0119067, 0.000933102, -0.999929, -0.127214]
  - [0.308256, -0.951293, -0.00455829, -0.0517722]
  - [0.0, 0.0, 0.0, 1.0]
  D: [-0.340676, 0.165511, -0.00035978, 0.000181532, -0.0493721]
  K:
  - [480.459, 0.0, 362.503]
  - [0.0, 482.924, 197.949]
  - [0.0, 0.0, 1.0]
sensor_4:
  ego2cam:
  - [0.950645, -0.310275, -0.00160497, -0.000333857]
  - [0.000428942, 0.00648686, -0.999979, -0.00512974]
  - [0.310279, 0.950625, 0.00629979, -0.0560573]
  - [0.0, 0.0, 0.0, 1.0]
  D: [-0.34064, 0.168338, 0.000147292, 0.000229372, -0.0516133]
  K:
  - [485.046, 0.0, 368.864]
  - [0.0, 488.185, 208.215]
  - [0.0, 0.0, 1.0]
sensor_2:
  ego2cam:
  - [-0.590629, 0.806828, -0.0136361, -0.00025752999999999996]
  - [0.011194, -0.00870468, -0.999899, -0.00654978]
  - [-0.806865, -0.590723, -0.00389039, -0.0477311]
  - [0.0, 0.0, 0.0, 1.0]
  D: [-0.338469, 0.156256, -0.000385467, 0.000295485, -0.0401965]
  K:
  - [483.911, 0.0, 355.144]
  - [0.0, 486.466, 223.026]
  - [0.0, 0.0, 1.0]
sensor_0:
  ego2cam:
  - [0.00340293, -0.999994, -0.000654539, -1.04242e-05]
  - [-6.81963e-06, 0.000654519, -1.0, -0.00370974]
  - [0.999994, 0.00340293, -4.59231e-06, -0.0569177]
  - [0.0, 0.0, 0.0, 1.0]
  D: [-0.336591, 0.159742, 0.00012697, -7.22557e-05, -0.0461953]
  K:
  - [476.71, 0.0, 350.738]
  - [0.0, 479.505, 209.532]
  - [0.0, 0.0, 1.0]
