%YAML 1.2
---
upper:
  lidar2ego:
  - [0.9963896745022904, -0.08489768280241602, 0.0, -0.0]
  - [0.08489768280241602, 0.9963896745022904, 0.0, -0.0]
  - [0.0, 0.0, 1.0, 0.33529]
  - [0.0, 0.0, 0.0, 1.0]
sensor_8:
  ego2cam:
  - [0.9563590878222971, -0.29217912135658125, 0.00296577, 0.0029972172528807397]
  - [0.007691876681383434, 0.015027919568868797, -0.999857, 0.005489721457301838]
  - [0.29209360603931933, 0.9562457205849064, 0.0166195, -0.04748270453330789]
  - [0.0, 0.0, 0.0, 1.0]
  D: [-0.331228, 0.144696, 0.000117553, 0.000566449, -0.0343506]
  K:
  - [476.708, 0.0, 354.16]
  - [0.0, 479.424, 209.383]
  - [0.0, 0.0, 1.0]
lower:
  lidar2ego:
  - [1.0, -0.0, 0.0, -0.0]
  - [0.0, 1.0, 0.0, -0.0]
  - [0.0, 0.0, 1.0, -0.13511]
  - [0.0, 0.0, 0.0, 1.0]
sensor_6:
  ego2cam:
  - [0.62578705403197, 0.7799158059630464, 0.0110391, -7.498733059632667e-05]
  - [0.010464001799123273, 0.005757156466550903, -0.999929, 0.03766430473008259]
  - [-0.7799241975878345, 0.6258581144332735, -0.00455829, -0.051020583507560946]
  - [0.0, 0.0, 0.0, 1.0]
  D: [-0.340676, 0.165511, -0.00035978, 0.000181532, -0.0493721]
  K:
  - [480.459, 0.0, 362.503]
  - [0.0, 482.924, 197.949]
  - [0.0, 0.0, 1.0]
sensor_4:
  ego2cam:
  - [-0.5609871756677111, 0.8278223724848011, -0.00160497, -0.0001334123120061867]
  - [-0.004314772921377798, -0.0048627233661713565, -0.999979, 0.11975762777345711]
  - [-0.8278132749637774, -0.560968920939249, 0.00629979, -0.05684408071302052]
  - [0.0, 0.0, 0.0, 1.0]
  D: [-0.34064, 0.168338, 0.000147292, 0.000229372, -0.0516133]
  K:
  - [485.046, 0.0, 368.864]
  - [0.0, 488.185, 208.215]
  - [0.0, 0.0, 1.0]
sensor_2:
  ego2cam:
  - [-0.9478718344255903, -0.31835989497370143, -0.0136361, 0.00035459462653298734]
  - [0.011687557022787377, 0.008029825698076733, -0.999899, 0.038335693261834974]
  - [0.3184382627268276, -0.9479355799765721, -0.00389039, -0.04755646036507376]
  - [0.0, 0.0, 0.0, 1.0]
  D: [-0.338469, 0.156256, -0.000385467, 0.000295485, -0.0401965]
  K:
  - [483.911, 0.0, 355.144]
  - [0.0, 486.466, 223.026]
  - [0.0, 0.0, 1.0]
sensor_0:
  ego2cam:
  - [-0.01230471287894599, -0.9999240841231657, -0.000654539, 1.895806039162775e-05]
  - [3.46194894044465e-06, 0.0006545453717076232, -1.0, 0.041180267152557376]
  - [0.9999240841231657, -0.01230471287894599, -4.59231e-06, -0.05691749385117126]
  - [0.0, 0.0, 0.0, 1.0]
  D: [-0.336591, 0.159742, 0.00012697, -7.22557e-05, -0.0461953]
  K:
  - [476.71, 0.0, 350.738]
  - [0.0, 479.505, 209.532]
  - [0.0, 0.0, 1.0]
