%YAML 1.2
---
upper:
  lidar2ego:
  - [0.9963896745022904, -0.08489768280241602, 0.0, -0.0]
  - [0.08489768280241602, 0.9963896745022904, 0.0, -0.0]
  - [0.0, 0.0, 1.0, 0.33529]
  - [0.0, 0.0, 0.0, 1.0]
lower:
  lidar2ego:
  - [1.0, -0.0, 0.0, -0.0]
  - [0.0, 1.0, 0.0, -0.0]
  - [0.0, 0.0, 1.0, -0.13511]
  - [0.0, 0.0, 0.0, 1.0]
sensor_8:
  ego2cam:
  - [0.9577253256712326, -0.287669157861825, 0.00296577, 0.0029972172528807397]
  - [0.00762097413581671, 0.015063999690361544, -0.999857, 0.005489721457301838]
  - [0.2875841777226069, 0.9576115567126433, 0.0166195, -0.04748270453330789]
  - [0.0, 0.0, 0.0, 1.0]
  D: [-0.331228, 0.144696, 0.000117553, 0.000566449, -0.0343506]
  K:
  - [476.708, 0.0, 354.16]
  - [0.0, 479.424, 209.383]
  - [0.0, 0.0, 1.0]
sensor_6:
  ego2cam:
  - [0.6203817593457073, 0.7842222733741531, 0.0110391, -7.498733059632667e-05]
  - [0.01042396158104477, 0.005829340373430476, -0.999929, 0.03766430473008259]
  - [-0.7842311559288389, 0.6204527600514944, -0.00455829, -0.051020583507560946]
  - [0.0, 0.0, 0.0, 1.0]
  D: [-0.340676, 0.165511, -0.00035978, 0.000181532, -0.0493721]
  K:
  - [480.459, 0.0, 362.503]
  - [0.0, 482.924, 197.949]
  - [0.0, 0.0, 1.0]
sensor_4:
  ego2cam:
  - [-0.5628062941828677, 0.8265866965286506, -0.00160497, -0.0001334123120061867]
  - [-0.0043040688094488355, -0.0048722002814430435, -0.999979, 0.11975762777345711]
  - [-0.8265776391738374, -0.562788019492069, 0.00629979, -0.05684408071302052]
  - [0.0, 0.0, 0.0, 1.0]
  D: [-0.34064, 0.168338, 0.000147292, 0.000229372, -0.0516133]
  K:
  - [485.046, 0.0, 368.864]
  - [0.0, 488.185, 208.215]
  - [0.0, 0.0, 1.0]
sensor_2:
  ego2cam:
  - [-0.9456488670072666, -0.3249034588194972, -0.0136361, 0.00035459462653298734]
  - [0.011631780143829831, 0.008110411863031745, -0.999899, 0.038335693261834974]
  - [0.32498226527497337, -0.9457120694010133, -0.00389039, -0.04755646036507376]
  - [0.0, 0.0, 0.0, 1.0]
  D: [-0.338469, 0.156256, -0.000385467, 0.000295485, -0.0401965]
  K:
  - [483.911, 0.0, 355.144]
  - [0.0, 486.466, 223.026]
  - [0.0, 0.0, 1.0]
sensor_0:
  ego2cam:
  - [-0.0028802434376199865, -0.9999956420736668, -0.000654539, 1.895806039162775e-05]
  - [-2.7070582811486586e-06, 0.0006545489290723799, -1.0, 0.041180267152557376]
  - [0.9999956420736668, -0.0028802434376199865, -4.59231e-06, -0.05691749385117126]
  - [0.0, 0.0, 0.0, 1.0]
  D: [-0.336591, 0.159742, 0.00012697, -7.22557e-05, -0.0461953]
  K:
  - [476.71, 0.0, 350.738]
  - [0.0, 479.505, 209.532]
  - [0.0, 0.0, 1.0]
