%YAML 1.2
---
sensor_8:
  R:
  - [0.955898954259951, -0.29368100561958715, 0.00296577]
  - [0.007715472983063545, 0.01501581866225137, -0.999857]
  - [0.2935953123310587, 0.9557857214895126, 0.0166195]
  T: [0.00268548521590963, 0.11058467463634908, -0.049229579910846054]
  D: [-0.331228, 0.144696, 0.000117553, 0.000566449, -0.0343506]
  K:
  - [476.708, 0.0, 354.16]
  - [0.0, 479.424, 209.383]
  - [0.0, 0.0, 1.0]
sensor_6:
  R:
  - [0.6208743782414021, 0.7838323212450176, 0.0110391]
  - [0.010427622205774792, 0.005822789654970929, -0.999929]
  - [-0.7838411591868937, 0.6209453845142476, -0.00455829]
  T: [-0.0017872619210422037, 0.19276327284795047, -0.05031354723260343]
  D: [-0.340676, 0.165511, -0.00035978, 0.000181532, -0.0493721]
  K:
  - [480.459, 0.0, 362.503]
  - [0.0, 482.924, 197.949]
  - [0.0, 0.0, 1.0]
sensor_4:
  R:
  - [-0.5609871756677111, 0.8278223724848011, -0.00160497]
  - [-0.004314772921377798, -0.0048627233661713565, -0.999979]
  - [-0.8278132749637774, -0.560968920939249, 0.00629979]
  T: [5.133579139027e-05, 0.23486521463569462, -0.057569249566205294]
  D: [-0.34064, 0.168338, 0.000147292, 0.000229372, -0.0516133]
  K:
  - [485.046, 0.0, 368.864]
  - [0.0, 488.185, 208.215]
  - [0.0, 0.0, 1.0]
sensor_2:
  R:
  - [-0.9478718344255903, -0.31835989497370143, -0.0136361]
  - [0.011687557022787377, 0.008029825698076733, -0.999899]
  - [0.3184382627268276, -0.9479355799765721, -0.00389039]
  T: [0.0021969680975329874, 0.17343204715183497, -0.04703082977217376]
  D: [-0.338469, 0.156256, -0.000385467, 0.000295485, -0.0401965]
  K:
  - [483.911, 0.0, 355.144]
  - [0.0, 486.466, 223.026]
  - [0.0, 0.0, 1.0]
sensor_0:
  R:
  - [-0.01230471287894599, -0.9999240841231657, -0.000654539]
  - [3.46194894044465e-06, 0.0006545453717076232, -1.0]
  - [0.9999240841231657, -0.01230471287894599, -4.59231e-06]
  T: [0.00013357437921972872, 0.21629025880790712, -0.056916689691805473]
  D: [-0.336591, 0.159742, 0.00012697, -7.22557e-05, -0.0461953]
  K:
  - [476.71, 0.0, 350.738]
  - [0.0, 479.505, 209.532]
  - [0.0, 0.0, 1.0]
